9 9 9 9 9 9 9 9 9 9 9 9 9 9 9 9 9 9 9 9 9 9 9 9 9 9 9 9 9 9 162 9 9 9 9 154 35 35 35 35 35 35 35 35 35 35 35 35 35 35 35 35 35 35 35 35 35 35 35 35 35 35 35 35 35 35 35 35 35 35 35 35 35 87 91 91 91 91 91 94 134 135 135 135 135 135 135 135 135 135 135 135 135 135 135 135 135 135 135 135 
9 9 9 9 9 9 9 9 9 9 9 9 9 9 9 9 9 9 9 9 9 9 9 9 9 9 9 9 9 9 162 9 9 9 9 154 39 39 63 64 65 39 39 202 63 65 39 39 39 39 39 39 168 39 39 39 39 39 39 39 39 63 65 169 39 39 39 39 170 39 39 39 168 98 119 119 119 119 119 98 134 135 135 135 135 135 135 135 135 135 135 135 135 135 135 135 135 135 135 135 
9 9 9 9 9 9 9 9 9 9 9 9 9 9 9 9 9 9 9 9 9 9 9 9 9 9 9 9 9 9 162 9 9 9 9 154 39 39 69 70 71 39 39 39 75 77 39 39 39 39 39 39 39 39 39 165 39 39 39 39 39 75 77 39 39 63 64 65 39 39 39 165 39 98 142 142 142 142 142 98 134 135 135 135 135 135 135 135 135 208 135 135 135 135 135 135 135 135 135 135 
9 9 9 9 9 9 9 9 9 9 9 9 9 9 9 9 9 9 9 9 9 9 9 9 9 9 160 163 163 163 161 9 9 9 9 154 39 39 75 76 77 39 39 39 39 39 165 39 39 63 64 65 39 39 171 39 39 39 39 39 39 39 39 39 39 69 70 71 39 39 39 39 39 98 142 142 142 142 142 98 134 135 135 135 135 135 135 135 208 135 135 135 135 135 135 135 135 135 135 135 
9 9 9 9 9 9 9 9 9 9 9 9 9 9 9 9 9 9 9 9 9 9 9 9 9 9 162 9 9 9 9 9 9 9 9 154 39 39 39 39 39 39 169 39 39 39 39 39 39 69 70 71 39 39 63 64 64 64 65 39 201 39 39 39 39 75 76 77 39 39 39 169 39 98 142 142 142 142 142 98 134 135 135 135 135 135 135 135 208 208 135 135 135 135 135 135 135 135 135 135 
9 9 9 9 9 9 9 9 9 9 9 9 9 9 9 9 9 9 9 9 9 9 9 9 9 9 162 9 9 9 9 9 9 9 9 154 39 39 39 39 39 39 39 63 64 65 39 39 39 75 76 77 39 39 69 66 66 66 71 39 39 39 165 170 39 39 39 39 39 39 39 39 39 98 89 93 142 86 89 98 134 135 135 135 135 135 135 208 135 135 135 135 135 135 135 135 135 135 135 135 
9 9 9 9 9 9 9 9 9 9 9 9 9 9 9 9 9 9 9 9 9 9 9 9 9 9 162 9 9 9 9 9 9 9 9 154 39 39 39 39 39 166 39 69 70 71 39 39 39 39 39 39 39 39 69 66 66 66 71 39 39 39 39 39 39 39 166 39 39 165 39 39 39 118 119 120 142 118 119 120 134 135 135 135 135 135 135 135 135 135 135 135 135 135 135 135 135 135 135 135 
9 9 9 9 9 9 9 9 9 9 9 9 9 9 9 9 9 160 163 163 163 163 163 163 163 163 161 9 9 9 9 151 158 158 158 159 39 39 39 39 39 39 39 75 76 77 39 39 39 39 39 39 39 39 69 66 66 66 71 39 39 168 39 39 39 39 39 39 39 39 39 39 39 39 39 39 39 39 39 39 134 135 135 135 135 135 135 135 135 135 135 135 135 135 135 135 135 135 135 135 
9 9 9 9 9 9 9 9 9 9 9 9 9 9 9 9 9 162 9 9 9 9 9 9 9 9 9 9 9 9 9 154 39 39 39 39 39 39 169 39 39 39 39 39 39 39 39 39 203 39 39 39 39 39 75 76 76 76 77 39 39 39 39 63 64 64 64 65 39 39 39 39 39 39 165 39 39 39 39 203 134 135 135 135 135 135 135 135 135 135 135 135 135 135 135 135 135 135 135 135 
9 9 9 9 9 9 9 9 9 9 9 9 9 9 9 9 9 162 9 9 9 9 9 9 9 9 9 9 9 9 9 154 39 39 39 39 39 39 165 39 39 39 39 39 39 39 39 39 39 171 39 165 39 39 39 39 39 39 39 39 39 39 39 69 70 70 70 71 39 169 39 63 65 39 39 39 129 130 130 130 138 135 135 135 135 135 135 135 135 135 135 135 135 135 135 135 135 135 135 135 
9 9 9 9 9 9 9 9 9 9 9 9 9 9 9 9 9 162 9 9 9 9 9 9 9 9 9 9 9 9 9 154 39 39 168 39 39 39 39 39 39 39 39 39 39 39 39 39 39 39 39 39 39 39 39 39 39 39 39 39 39 39 39 69 70 70 70 71 39 39 39 75 77 39 39 35 134 135 135 135 135 135 135 135 208 135 135 135 135 135 135 135 135 135 135 135 135 135 135 135 
9 9 9 9 9 9 9 9 9 9 9 9 9 9 9 9 9 162 9 9 9 9 9 9 9 9 9 9 9 9 9 154 39 39 39 39 39 203 39 39 39 166 39 39 39 63 64 64 64 64 64 65 39 39 39 39 39 39 39 39 170 39 39 69 70 70 70 71 39 39 39 39 39 39 129 130 138 135 135 135 135 135 135 135 208 135 135 135 135 135 135 135 135 135 135 135 135 135 135 135 
9 9 9 9 9 9 9 9 160 163 163 163 163 163 163 163 163 161 9 9 9 9 9 9 9 9 9 9 9 9 9 154 39 39 39 39 39 63 65 39 39 39 39 39 39 69 66 66 66 66 66 71 39 39 39 39 63 65 39 39 165 39 39 75 76 76 76 77 39 39 165 39 39 39 134 135 135 135 135 135 135 135 208 135 208 208 135 135 135 135 135 135 135 135 135 135 135 135 135 135 
9 9 9 9 9 9 9 160 161 9 9 9 9 9 9 9 9 9 9 9 9 9 9 151 158 158 158 158 158 158 158 159 39 39 39 39 39 75 77 39 39 39 169 39 39 69 66 66 66 66 66 71 39 39 39 39 75 77 39 39 39 39 39 39 39 39 39 39 171 39 39 39 166 35 134 135 135 135 135 135 135 135 135 135 135 135 135 135 135 135 135 135 135 135 135 135 135 135 135 135 
9 9 9 9 9 9 160 161 9 9 9 9 9 9 9 9 9 9 9 9 9 9 9 154 193 194 197 198 39 39 39 39 39 39 39 169 39 39 39 39 39 39 39 39 39 69 70 70 70 70 70 71 39 166 39 39 39 39 39 39 39 39 39 201 168 39 39 39 39 39 39 35 35 35 134 135 135 135 135 135 135 135 208 135 135 135 135 135 135 135 135 135 135 135 135 135 135 135 135 135 
9 9 9 9 9 9 162 9 9 9 9 9 9 9 9 9 9 9 9 9 9 9 9 154 195 196 39 39 39 39 39 39 169 39 39 39 39 39 39 39 168 39 39 165 39 69 66 66 66 66 66 71 39 39 39 39 39 165 39 39 39 63 64 65 129 130 130 130 130 130 130 130 130 130 138 135 135 135 135 135 135 135 135 135 135 135 135 135 135 135 135 135 135 135 135 135 135 135 135 135 
163 163 163 163 163 163 161 9 9 9 9 9 9 9 9 9 9 9 9 9 9 9 9 154 39 39 39 63 65 39 39 39 166 39 165 39 39 39 39 39 39 39 39 202 39 69 66 66 66 66 66 71 39 39 39 39 39 39 39 39 168 69 70 71 134 135 135 135 135 135 135 135 135 135 135 135 135 135 135 135 135 135 135 135 135 135 135 135 135 135 135 135 135 135 135 135 135 135 135 135 
9 9 9 9 9 9 9 9 9 9 9 9 9 9 9 9 9 9 9 9 9 9 9 154 39 39 39 75 77 39 39 39 39 39 39 39 39 39 39 35 35 35 39 39 39 75 76 76 76 76 76 77 35 35 201 39 169 39 39 39 35 75 76 77 134 135 135 135 135 135 135 135 135 135 135 135 135 135 135 135 135 135 135 135 135 135 135 135 135 135 135 135 135 135 135 135 135 135 135 135 
9 9 9 9 9 9 9 9 9 9 9 9 9 9 9 5 158 158 158 158 158 158 158 159 39 39 39 39 39 39 39 39 39 39 39 39 39 129 130 130 130 130 130 130 130 130 130 130 130 130 130 130 130 130 130 130 130 130 130 130 130 130 130 130 138 135 135 135 135 135 135 135 135 208 135 135 135 135 135 135 135 135 135 135 135 135 135 135 135 135 135 135 135 135 135 135 135 135 135 135 
9 9 9 9 9 9 9 9 9 9 9 9 9 9 9 154 39 39 39 39 39 39 39 39 39 39 39 39 39 39 39 39 39 63 65 39 39 134 135 135 135 135 135 135 135 135 135 135 135 135 135 135 135 135 135 135 135 135 135 135 135 135 135 135 135 135 135 135 135 135 135 135 208 208 135 135 135 135 135 135 135 135 135 135 135 135 135 135 135 135 135 135 135 135 135 135 135 135 135 135 
9 9 9 9 9 9 9 9 9 9 9 9 9 9 9 154 39 39 39 39 39 39 39 39 39 39 39 39 39 39 39 39 39 75 77 39 39 134 135 135 135 135 135 135 135 135 135 135 135 135 135 135 135 135 135 135 135 135 135 135 135 135 135 135 135 135 135 135 135 135 135 135 135 135 135 135 135 135 135 135 135 135 135 135 135 135 135 135 135 135 135 135 135 135 135 135 135 135 135 135 
9 9 9 9 9 9 9 9 9 9 5 158 158 158 158 159 39 39 39 39 165 39 39 39 39 39 39 39 39 39 39 39 39 39 39 39 39 134 135 135 135 135 135 135 135 135 135 135 135 135 135 135 135 135 135 135 135 135 135 135 135 135 135 135 135 135 135 135 135 135 135 135 135 135 135 135 135 135 135 135 135 135 135 135 135 135 135 135 135 135 135 135 135 135 135 135 135 135 135 135 
9 9 9 9 9 9 9 9 9 9 154 174 173 175 39 39 39 39 39 39 39 39 39 39 39 39 39 39 39 39 39 39 39 165 39 39 39 134 135 135 135 135 135 135 135 135 135 135 135 135 135 135 135 135 135 135 135 135 135 135 135 135 135 135 135 135 135 135 135 135 135 135 135 135 135 135 135 135 135 135 135 135 208 208 135 135 135 135 135 135 135 135 135 135 135 135 135 135 135 135 
9 9 9 9 9 9 9 9 9 9 154 173 176 39 39 39 39 39 39 39 39 39 39 39 39 39 39 39 39 39 39 39 39 39 39 39 35 134 135 135 135 135 135 135 135 135 135 135 135 135 135 135 135 135 135 135 135 135 135 135 135 135 135 135 135 135 135 135 135 135 135 135 135 135 135 135 135 135 184 185 135 135 135 208 208 135 135 135 135 135 135 135 135 135 135 135 135 135 135 135 
9 9 9 9 9 9 9 9 9 9 154 39 39 39 39 39 39 39 39 39 39 166 39 39 39 39 39 165 39 39 39 39 39 39 39 39 35 134 135 135 135 135 135 184 135 135 135 135 135 135 135 135 135 135 135 135 135 135 135 135 135 135 135 135 135 135 135 135 135 135 135 135 135 135 135 135 135 135 135 135 135 135 135 135 135 135 135 135 135 135 135 135 135 135 135 135 135 135 135 135 
9 9 9 9 9 9 9 9 9 9 154 39 39 39 39 39 39 39 39 39 39 39 39 39 39 39 39 39 39 39 39 39 39 39 168 39 35 134 135 135 135 135 135 135 135 186 135 135 135 135 135 135 135 135 135 135 135 135 135 135 135 135 135 135 135 135 135 135 135 135 135 135 135 135 135 135 135 135 135 135 135 135 135 135 135 135 135 135 135 135 135 135 135 135 135 135 135 135 135 135 
9 9 9 9 9 9 9 9 9 9 154 39 39 39 39 39 39 165 39 39 39 39 39 39 39 39 39 39 39 39 39 39 39 39 39 35 35 134 135 135 135 135 135 135 135 135 185 135 135 135 135 132 140 140 140 140 140 140 140 140 140 140 140 140 140 140 140 140 140 140 140 140 140 140 140 140 140 140 140 133 135 135 135 135 135 135 135 135 135 135 135 135 135 135 135 135 135 135 135 135 
9 9 9 9 9 151 158 158 158 158 159 39 39 39 39 39 39 39 39 201 39 39 39 39 39 39 39 39 39 39 39 129 130 130 130 130 130 138 135 135 135 135 135 135 135 135 135 135 135 135 135 136 35 35 35 35 35 35 35 35 39 39 39 39 39 39 35 35 39 39 39 39 39 169 35 35 35 35 35 134 135 135 135 135 135 135 135 135 135 135 135 135 135 135 135 135 135 135 135 135 
9 9 9 9 9 154 202 168 39 39 39 39 39 39 39 39 39 39 39 39 39 39 39 39 39 203 39 39 39 39 35 134 135 135 135 135 135 135 135 135 135 135 135 135 135 135 135 135 135 135 135 136 35 168 39 39 39 39 39 39 39 39 39 39 39 39 39 39 39 39 39 39 39 39 39 39 39 39 35 134 135 135 135 135 135 135 135 135 135 135 135 135 135 135 135 135 135 135 135 135 
9 9 9 9 9 154 39 39 39 39 39 39 39 39 39 39 39 168 39 39 39 39 39 39 39 39 39 39 39 39 35 134 135 135 135 135 135 135 135 135 135 135 135 135 135 135 135 135 135 135 135 136 39 39 39 39 39 39 166 39 39 39 39 165 39 39 39 39 39 59 61 39 165 39 39 39 39 166 39 139 140 140 140 140 133 135 135 135 135 135 135 135 135 135 135 135 135 135 135 135 
9 9 9 9 9 154 39 39 39 39 39 39 39 39 39 39 39 39 39 39 39 39 39 39 39 39 165 39 39 39 35 134 135 135 135 135 135 135 135 135 132 140 140 140 140 140 140 140 140 140 140 141 39 39 39 39 39 39 39 39 39 39 39 39 39 39 39 39 39 39 39 39 39 193 194 39 39 39 39 39 39 39 39 39 134 135 135 135 135 135 135 135 135 135 135 135 135 135 135 135 
158 158 158 158 158 159 39 39 39 39 39 165 39 39 39 39 39 39 39 39 165 39 39 39 39 39 39 39 39 39 39 134 135 135 135 135 135 135 135 135 136 35 39 35 39 39 39 39 39 39 39 39 39 39 39 165 39 39 39 39 39 39 58 39 39 39 165 39 39 39 39 39 39 195 196 148 149 149 149 150 39 39 39 39 134 135 135 135 135 135 135 135 135 135 135 135 135 135 135 135 
35 168 39 39 39 39 39 39 39 39 39 39 39 39 39 39 39 39 39 39 39 39 39 39 39 39 39 39 39 166 39 134 135 135 135 135 135 135 135 192 136 35 39 39 39 39 39 39 169 39 39 39 39 39 39 39 39 39 39 41 43 39 39 39 168 39 39 39 39 148 149 149 149 149 149 156 9 9 9 154 178 39 165 39 134 135 135 135 135 135 135 135 135 135 135 135 135 135 135 135 
35 39 39 39 39 39 39 201 39 39 39 39 166 39 39 39 39 171 39 39 39 39 39 39 39 39 39 39 39 39 39 134 135 135 135 135 135 135 187 192 136 39 39 39 168 39 39 39 39 148 149 149 149 149 150 39 39 169 39 47 50 42 43 39 39 39 39 39 169 153 9 9 9 9 9 9 9 9 9 154 201 39 39 39 134 135 135 135 135 135 135 135 135 135 135 135 135 135 135 135 
35 39 39 39 39 39 165 39 39 39 39 39 39 39 39 39 39 39 39 39 39 39 39 39 165 39 39 39 39 169 39 134 135 135 135 135 135 135 191 189 136 39 39 39 39 39 39 39 39 153 9 9 9 9 155 150 39 39 39 47 48 44 55 39 39 39 39 39 39 153 9 9 9 9 9 9 9 9 9 11 149 149 150 39 134 135 135 135 135 135 135 135 135 135 135 135 135 135 135 135 
35 39 39 39 39 39 39 39 39 39 39 39 39 39 39 39 39 39 39 39 39 39 39 39 39 39 39 39 39 39 87 146 144 144 144 144 145 140 140 140 141 39 39 39 39 39 39 148 149 156 9 9 9 9 9 154 39 39 39 53 54 55 58 39 39 39 148 149 149 156 9 9 9 9 9 9 9 9 9 9 9 9 154 39 134 135 135 135 135 135 135 135 135 135 135 135 135 135 135 135 
35 39 39 39 39 39 39 39 39 39 39 39 39 39 39 39 39 39 39 39 39 39 39 169 39 39 39 39 39 39 118 119 119 119 119 119 120 39 39 39 39 39 39 39 165 39 39 153 9 9 9 9 9 9 5 159 176 39 39 39 39 39 39 39 39 39 153 9 9 9 9 9 9 9 9 9 9 9 9 9 9 9 154 39 134 135 135 135 135 135 135 135 135 135 135 135 135 135 135 135 
35 39 39 39 39 39 39 39 39 39 39 39 39 39 39 39 39 165 39 39 39 39 39 39 39 39 39 41 43 58 39 142 142 142 142 142 43 58 39 39 39 39 39 39 39 39 39 153 9 9 9 9 9 9 154 173 175 39 39 39 39 39 39 39 39 39 157 158 158 152 9 9 9 9 9 9 9 9 9 5 158 158 159 39 134 135 135 135 135 135 135 208 135 135 135 135 135 135 135 135 
35 39 39 166 39 39 39 39 39 39 39 39 39 39 39 39 39 39 39 39 166 39 39 39 39 39 39 53 57 42 42 142 142 142 142 142 50 43 40 39 39 39 39 39 39 39 39 157 152 9 9 9 9 9 154 174 39 39 39 165 39 39 39 166 39 39 39 39 171 157 152 9 9 9 9 5 158 158 158 159 176 173 39 39 134 135 135 135 135 208 135 135 135 135 135 135 135 135 135 135 
35 39 39 39 39 39 39 39 39 39 39 39 39 39 39 39 39 39 39 39 39 39 39 39 39 39 39 39 53 54 54 142 142 142 142 142 54 55 52 39 39 39 39 39 39 39 39 39 153 9 9 9 9 9 154 39 39 39 39 39 39 39 39 39 39 39 39 39 39 166 153 9 9 9 9 154 39 39 39 39 176 39 39 165 134 135 135 135 135 135 208 208 135 135 135 135 135 135 135 135 
35 39 39 39 39 39 39 39 39 166 39 39 39 39 39 39 39 39 39 39 39 39 39 39 39 39 39 39 39 39 87 89 89 89 89 89 94 39 39 39 39 39 39 166 39 39 39 39 153 9 9 9 9 5 159 39 39 39 39 39 39 39 40 39 39 165 39 39 39 39 157 158 158 158 158 159 39 39 39 39 39 39 39 39 134 135 135 135 135 135 135 135 135 135 135 135 135 135 135 135 
35 39 39 39 39 39 39 39 39 39 39 39 39 39 39 39 39 39 39 39 39 39 39 39 39 39 39 39 39 39 118 119 119 119 119 119 120 39 39 39 39 39 39 39 39 39 39 39 157 158 158 158 158 159 39 39 39 39 39 39 39 39 52 39 39 39 39 39 39 39 39 39 39 39 39 39 39 166 39 39 165 39 39 39 134 135 135 135 135 135 135 208 135 135 135 135 135 135 135 135 
35 39 39 39 39 39 39 39 39 39 39 39 39 39 39 39 39 39 39 39 39 39 39 39 39 39 39 165 39 39 39 134 135 135 135 136 39 39 39 39 39 39 39 39 39 39 39 39 39 39 39 171 39 39 39 39 39 39 168 39 39 39 39 39 39 39 39 39 39 39 39 39 39 39 39 39 39 39 39 39 39 39 39 35 134 135 135 135 135 135 135 135 135 135 135 135 135 135 135 135 
35 39 39 39 39 168 39 39 39 39 39 165 39 39 39 39 39 39 39 39 165 39 39 39 39 39 39 39 39 39 39 134 135 135 135 136 39 39 39 39 39 165 39 39 39 39 39 39 59 61 39 39 39 39 39 39 39 39 39 39 39 168 39 39 39 166 39 41 43 39 39 39 39 39 39 59 61 39 39 39 39 35 35 35 134 135 135 135 135 135 135 135 135 135 135 135 135 135 135 135 
35 39 39 165 39 39 39 39 39 39 39 39 39 203 39 39 39 39 39 39 39 39 39 39 39 39 166 39 39 39 39 134 135 135 135 136 35 39 39 39 39 39 39 39 39 168 39 39 39 39 39 39 39 39 166 39 39 39 39 39 39 39 39 165 39 39 39 47 50 43 39 39 39 39 39 39 39 39 39 39 171 129 130 130 138 135 135 135 135 135 135 135 135 135 135 135 135 135 135 135 
35 39 39 39 39 39 39 39 39 39 39 39 39 39 39 39 39 39 39 39 39 39 39 39 39 39 39 39 39 39 39 134 135 135 135 136 35 35 35 35 39 39 170 39 39 39 39 39 39 39 39 39 39 39 39 39 39 39 165 39 170 39 39 39 39 39 39 53 54 55 39 39 39 39 39 39 39 39 39 39 35 134 135 135 135 135 135 135 135 135 135 135 135 135 135 135 135 135 135 135 
35 168 39 39 39 39 39 39 39 39 39 39 39 39 39 39 39 39 39 39 39 39 39 39 39 39 39 39 39 39 35 134 135 135 135 137 130 130 130 130 130 130 130 130 130 130 130 130 130 130 131 39 39 39 39 39 39 39 39 39 39 39 39 39 39 39 39 39 58 39 39 39 170 39 39 39 168 39 39 39 35 134 135 135 135 135 135 135 135 135 135 135 135 135 135 135 135 135 135 135 
35 35 35 39 39 39 39 39 39 166 39 39 39 39 39 39 39 39 39 165 39 39 39 39 39 39 39 39 39 39 39 134 135 135 135 135 135 135 135 135 135 135 135 135 135 135 135 135 135 189 136 35 35 35 39 39 39 39 39 39 39 39 35 35 35 39 39 39 39 39 39 39 39 165 39 39 39 39 39 35 35 134 135 135 135 135 135 135 135 135 135 135 135 135 135 135 135 135 135 135 
130 130 130 130 130 130 130 131 39 39 39 39 39 39 39 39 39 39 39 39 39 39 39 39 39 39 39 39 39 39 35 134 135 135 135 135 135 135 135 135 135 135 135 135 135 135 135 135 135 135 137 130 130 130 130 130 130 130 130 130 130 130 130 131 35 39 39 39 39 39 39 39 39 39 39 39 129 130 130 130 130 138 135 135 135 135 135 186 185 135 135 135 135 135 135 135 135 208 208 135 
135 135 135 135 135 135 135 136 39 39 39 39 165 39 39 39 39 39 39 39 39 39 39 39 39 39 165 39 39 39 35 134 135 135 135 135 135 135 135 135 135 135 135 135 135 135 135 135 135 135 135 135 135 135 135 135 135 135 135 135 135 191 189 136 35 39 39 41 42 43 58 39 39 39 39 39 134 189 192 135 135 135 135 135 135 135 135 135 135 135 135 135 135 135 135 135 208 135 135 135 
135 135 135 135 135 135 135 136 39 39 39 39 39 39 39 39 39 39 39 39 39 39 39 39 168 39 39 39 39 39 201 134 135 135 135 135 135 135 135 135 135 135 135 135 135 135 135 135 135 135 135 135 135 135 135 135 135 135 135 135 135 135 135 136 39 39 39 47 48 49 39 39 39 39 166 39 134 191 135 135 135 135 135 135 132 140 140 140 140 140 140 140 140 133 135 135 135 135 135 135 
135 135 135 135 135 135 135 136 35 39 39 39 39 39 39 168 39 39 39 39 39 39 39 39 39 39 39 39 39 39 35 134 135 135 135 135 135 135 135 135 135 135 135 135 135 135 135 135 135 135 135 135 135 135 135 135 135 135 135 135 135 135 135 136 39 39 39 47 48 49 39 39 39 129 130 130 138 135 135 135 135 135 135 135 136 35 35 35 35 35 35 35 35 134 135 135 135 135 208 135 
135 135 135 135 135 135 135 136 35 39 39 39 39 39 39 39 39 39 39 39 39 201 39 39 39 39 39 39 35 35 35 134 135 135 135 132 140 140 140 140 140 140 140 140 140 140 140 140 140 140 140 140 140 140 140 140 140 140 140 133 135 135 135 136 39 147 39 47 48 49 39 147 39 134 135 135 135 135 135 135 135 135 135 135 136 35 87 91 91 91 91 94 35 134 135 135 135 135 135 135 
135 135 135 135 135 135 135 137 130 130 130 130 130 131 39 39 39 39 39 166 39 201 129 130 130 130 130 130 130 130 130 138 135 135 135 136 171 171 39 39 39 39 39 39 39 39 39 39 166 39 39 39 39 39 39 39 39 35 35 134 135 135 135 136 39 98 142 142 142 142 142 98 39 134 135 135 135 135 135 135 135 135 135 135 136 39 98 119 119 119 119 98 35 134 135 135 135 135 135 135 
135 135 135 135 135 135 135 135 135 135 135 135 135 136 39 39 39 165 39 39 39 39 134 187 191 135 135 135 135 135 135 135 135 135 135 136 172 39 39 165 39 39 39 168 39 39 39 39 39 39 39 39 39 39 39 39 39 178 35 134 135 135 135 137 130 107 142 142 142 142 142 98 130 138 135 135 135 135 135 135 135 135 135 135 136 39 98 142 142 142 142 98 39 134 135 135 135 135 135 135 
135 135 135 135 135 135 135 135 135 135 135 135 135 136 39 168 39 39 39 39 39 35 134 189 135 135 135 135 135 135 135 135 135 135 192 136 35 39 39 39 39 39 39 39 39 58 39 169 39 39 39 39 39 39 41 42 43 177 178 134 135 135 135 135 135 107 142 142 142 142 142 98 135 135 135 135 135 135 135 132 140 140 140 140 141 39 98 142 142 142 142 98 35 134 135 135 135 135 135 135 
135 135 208 135 208 135 135 135 135 135 135 135 135 136 39 39 39 39 39 39 39 171 134 135 135 135 135 135 135 135 135 135 135 188 189 136 35 39 39 39 166 39 39 39 39 39 39 39 39 39 59 61 39 39 47 48 49 39 35 134 135 135 135 135 135 107 142 142 142 142 142 98 135 135 135 135 135 135 135 136 35 35 35 39 39 201 98 142 142 142 142 98 35 134 135 135 135 135 135 135 
135 135 135 135 208 135 135 135 135 135 135 135 135 136 167 167 197 198 193 194 39 35 134 135 135 135 132 140 140 140 140 140 140 140 140 141 35 39 39 39 39 39 39 39 39 39 39 39 165 39 39 39 39 39 47 44 55 39 39 139 133 132 140 140 140 107 142 142 142 142 142 98 140 133 135 135 135 135 135 136 35 39 39 39 39 169 98 93 142 142 86 98 202 134 135 135 135 135 135 135 
135 135 135 135 208 135 135 135 135 135 135 135 135 136 35 35 35 35 195 196 39 35 134 135 135 135 136 39 39 39 39 39 39 39 35 35 35 39 39 39 39 39 39 39 39 39 39 39 39 39 39 39 39 39 53 55 39 166 39 39 134 136 39 39 35 117 39 47 48 49 39 117 39 134 135 135 135 135 135 136 35 39 39 39 39 39 118 120 142 142 118 120 35 134 135 135 135 135 135 135 
135 135 135 135 135 208 135 135 135 135 135 135 135 137 130 130 130 130 130 130 130 130 138 135 135 135 136 39 39 39 39 39 39 39 39 39 39 39 39 39 165 39 39 39 175 148 149 149 149 150 39 39 39 39 40 39 39 39 168 39 134 136 39 39 39 39 39 47 48 49 39 39 39 134 135 135 135 135 135 136 35 39 39 165 39 171 39 39 39 39 39 39 202 134 135 135 135 135 135 135 
135 135 135 135 135 135 135 135 135 135 208 135 135 135 135 135 135 135 135 135 135 135 135 135 135 135 136 39 39 39 39 39 39 165 39 39 39 39 39 39 39 39 39 173 174 153 9 9 9 154 39 166 39 39 52 58 39 39 39 39 134 136 39 39 39 39 39 47 48 49 39 165 87 146 144 144 144 144 144 164 94 169 39 39 39 39 39 39 39 39 39 39 39 134 135 135 135 135 135 135 
135 135 135 135 135 135 135 135 135 208 135 135 135 135 135 135 135 135 135 135 135 135 135 135 135 135 136 39 165 39 39 39 39 39 39 39 39 39 40 39 39 39 148 149 149 156 9 9 9 154 39 39 39 165 39 39 39 39 165 39 134 136 165 39 166 39 39 47 48 49 39 39 118 119 119 119 119 119 119 119 120 39 39 39 39 39 39 39 39 165 39 39 39 134 135 135 135 135 135 135 
135 135 135 135 135 135 135 135 208 208 135 135 135 186 135 135 135 135 135 135 135 208 135 135 135 135 136 39 39 39 39 39 39 39 39 39 39 39 52 39 148 149 156 9 9 9 9 9 5 159 39 39 39 39 41 42 43 39 169 39 134 136 39 39 39 39 39 53 54 55 39 39 39 142 142 142 142 142 142 142 39 39 168 39 39 39 39 39 39 39 39 39 39 134 135 135 135 135 135 135 
135 135 135 135 135 135 135 135 208 135 135 135 185 135 135 135 135 135 135 135 208 208 135 135 135 135 136 39 39 39 39 165 39 39 39 39 39 39 39 39 153 9 9 9 9 9 9 9 154 39 39 39 39 39 47 48 49 58 39 39 134 136 39 39 172 39 39 59 61 39 40 41 42 142 142 142 142 142 142 142 39 39 39 39 39 39 166 39 39 39 39 39 39 134 135 135 135 135 135 135 
135 135 135 135 135 135 135 135 135 135 135 181 186 135 135 135 135 135 135 135 135 135 135 135 135 135 136 35 39 39 39 39 39 39 39 39 168 39 39 39 153 9 9 9 9 9 9 9 155 149 149 149 150 39 47 48 44 60 60 61 134 136 39 41 42 42 42 43 58 39 52 53 54 142 142 142 142 142 142 142 39 39 39 39 39 39 39 39 39 39 39 39 39 134 135 135 135 135 135 135 
135 135 135 135 135 135 135 135 135 135 135 135 184 135 135 135 135 135 135 135 135 135 135 135 135 135 136 35 39 39 39 39 39 39 39 39 39 39 39 39 153 9 9 9 9 9 9 9 9 9 9 9 154 39 47 48 49 129 130 130 138 136 41 51 48 48 48 50 42 43 39 39 87 89 89 89 89 89 89 89 94 39 39 39 165 39 39 39 39 39 39 39 39 134 135 135 135 135 135 135 
135 135 135 135 135 135 135 135 135 135 135 135 135 135 135 135 135 132 140 140 140 140 140 140 140 140 141 35 39 39 39 39 58 39 39 39 39 39 39 39 157 158 152 9 9 9 9 9 9 9 9 9 154 39 47 48 49 134 188 189 135 136 53 54 54 54 54 54 54 55 166 39 118 119 119 119 119 119 119 119 120 39 39 39 39 39 39 39 39 39 165 39 39 134 135 135 135 135 135 135 
135 135 135 135 135 135 185 135 135 135 135 135 135 135 135 135 135 136 35 35 35 35 35 39 39 39 35 35 39 166 39 39 39 39 39 172 39 39 39 39 39 39 157 158 158 158 152 9 9 9 9 9 154 39 47 48 49 134 190 191 135 136 172 39 39 39 39 39 39 39 39 39 35 134 135 135 135 135 135 136 35 39 39 39 39 39 39 39 39 39 39 39 39 134 135 135 135 135 135 135 
135 135 135 135 135 135 135 181 135 135 135 135 135 135 135 135 135 136 35 39 39 39 39 39 39 39 39 39 39 39 39 39 39 39 39 39 39 165 39 39 39 39 39 39 39 39 153 9 9 9 9 9 154 39 47 44 55 134 191 135 135 136 171 39 39 165 39 39 39 35 35 35 35 134 135 135 135 135 135 136 39 39 39 39 39 39 39 39 39 39 39 39 39 139 140 140 133 135 135 135 
135 135 135 135 135 135 181 186 135 135 135 135 135 135 135 135 135 136 35 39 39 39 39 39 39 39 39 39 39 39 39 148 149 149 149 150 39 39 165 39 39 39 39 39 39 39 153 9 9 9 9 9 154 39 53 55 39 139 140 133 135 137 130 130 130 130 130 130 130 130 130 130 130 138 135 135 135 135 192 136 39 39 39 39 39 39 39 39 39 39 39 39 39 170 39 35 134 135 135 135 
135 135 135 135 135 135 135 135 135 135 135 135 135 135 135 135 135 136 39 39 39 39 39 168 39 39 39 39 39 39 170 153 9 9 9 154 39 39 39 39 39 39 39 39 39 170 157 158 158 158 158 158 159 39 39 39 39 39 39 134 135 135 135 135 135 135 135 135 135 135 135 135 135 135 135 135 135 135 189 136 39 39 39 39 39 39 39 39 39 39 166 39 39 39 168 39 134 135 135 135 
135 135 135 135 135 135 135 135 135 135 135 135 132 140 140 140 140 141 39 39 39 39 39 39 39 39 39 39 39 148 149 156 9 151 158 159 39 39 39 59 61 39 39 39 39 39 39 39 39 39 39 39 39 39 41 43 39 39 165 134 135 132 140 140 140 140 140 140 140 143 144 144 144 144 144 144 144 145 140 141 169 39 39 39 165 39 39 39 39 39 39 39 39 39 39 35 134 135 135 135 
135 135 135 135 135 135 135 135 135 135 135 135 136 39 39 39 39 39 39 166 39 39 39 39 39 39 39 39 39 153 9 9 9 154 39 39 39 39 39 39 39 39 39 39 39 39 39 39 39 39 39 39 39 39 47 50 43 39 39 134 135 136 201 203 39 39 39 39 39 118 119 119 119 119 119 119 119 120 39 39 39 39 39 39 39 39 39 39 39 39 39 39 39 39 39 171 134 135 135 135 
135 135 135 135 135 135 135 135 135 135 135 135 136 39 39 170 39 39 39 39 39 39 39 39 39 39 39 39 39 153 9 9 9 154 39 39 39 39 39 39 39 39 39 165 39 39 39 39 39 59 61 39 39 39 47 48 49 39 39 134 135 136 39 39 39 165 39 39 39 39 142 142 142 142 142 142 142 39 39 39 166 39 39 39 39 39 39 39 39 39 39 165 39 39 39 35 134 135 135 135 
135 135 208 135 135 135 135 135 135 135 135 135 136 39 39 39 58 39 165 39 39 39 39 39 40 39 39 39 39 157 158 158 158 159 39 39 39 166 39 39 39 39 41 43 39 39 58 39 39 39 39 39 165 39 53 54 55 166 39 134 135 136 39 39 39 39 39 39 39 39 142 142 142 142 142 142 142 39 39 39 39 39 39 39 39 39 39 39 39 39 39 39 39 179 178 35 134 135 135 135 
135 135 135 208 135 135 135 135 135 135 135 135 136 39 39 39 39 39 39 39 39 39 39 39 46 39 39 39 39 39 39 39 39 39 39 39 39 39 39 39 39 39 53 55 39 39 39 39 39 39 39 39 39 39 39 39 39 39 168 134 135 136 39 39 39 39 39 168 39 87 89 89 89 89 89 89 89 94 39 39 39 39 39 39 39 39 39 168 39 39 39 39 39 193 194 35 134 135 135 135 
135 135 208 135 135 135 135 135 135 135 135 135 136 39 39 39 39 39 39 39 39 39 39 39 52 39 39 39 39 165 39 39 39 39 39 39 39 39 39 39 39 39 39 39 39 129 130 130 130 130 130 130 130 130 130 130 130 130 130 138 135 136 39 39 39 39 39 39 39 118 118 118 118 118 118 118 118 120 39 39 39 39 39 39 165 39 39 39 39 39 39 199 200 195 196 35 134 135 135 135 
135 135 135 135 135 135 135 135 135 135 135 135 136 35 39 39 39 39 41 43 39 39 39 39 39 39 39 39 39 39 39 39 39 39 39 39 170 39 39 39 39 39 39 39 39 134 187 191 135 135 135 135 135 135 135 135 135 135 135 135 135 136 39 39 39 166 39 39 39 39 134 135 135 135 135 135 136 39 39 39 39 39 39 39 39 39 39 39 39 39 165 35 129 130 130 130 138 135 135 135 
135 135 135 135 135 135 135 135 135 132 140 140 141 35 39 39 39 39 53 57 43 39 39 39 39 39 39 39 39 39 59 60 61 39 39 39 39 39 39 39 39 39 39 39 39 134 192 132 140 140 140 143 144 144 144 145 140 140 140 140 140 141 39 39 39 39 39 39 39 39 134 135 135 135 135 135 136 39 39 39 39 39 172 39 39 39 39 39 39 39 39 35 134 135 135 135 135 135 135 135 
135 135 135 135 135 135 135 135 135 136 35 35 35 35 39 39 39 39 39 47 49 39 39 39 39 169 165 39 39 39 39 39 39 39 39 39 39 39 39 39 41 43 40 165 39 134 135 136 201 39 39 118 119 119 119 120 39 39 39 39 39 39 39 39 165 39 168 39 39 35 134 135 135 135 135 135 136 39 39 39 39 39 39 39 39 39 39 39 39 39 39 35 134 135 135 135 135 135 135 135 
135 135 135 135 135 135 135 135 192 136 35 171 199 200 39 39 165 39 39 47 49 39 39 39 39 39 39 39 39 39 39 39 39 39 39 39 39 39 39 39 47 49 52 39 39 134 135 136 39 39 39 39 142 142 142 39 39 165 39 39 39 39 39 39 39 39 39 39 39 35 134 135 135 135 135 135 136 39 39 39 39 39 39 39 39 39 39 39 39 39 39 35 139 140 140 140 140 133 135 135 
135 135 135 135 135 135 135 135 191 136 39 178 39 39 39 39 39 39 41 56 55 39 168 39 129 130 130 130 130 130 130 130 130 130 131 39 39 39 39 147 47 49 39 147 39 134 135 136 39 39 39 87 89 89 89 94 39 39 39 39 39 39 39 39 39 39 39 166 39 35 134 135 135 135 135 135 136 39 39 165 39 39 39 166 39 39 39 39 39 39 39 39 148 149 149 149 150 134 135 135 
135 135 135 135 135 135 135 189 190 136 39 39 168 39 39 39 39 39 53 55 39 39 39 39 134 190 191 135 135 135 135 135 135 135 136 39 39 39 39 98 142 142 142 98 39 134 135 136 147 39 147 118 119 119 119 120 39 39 168 39 39 165 39 39 39 39 39 39 39 35 134 135 135 135 135 135 136 39 39 39 39 39 39 39 39 172 39 39 39 39 39 39 153 9 9 9 154 134 135 135 
135 135 135 135 135 135 135 191 188 136 203 39 39 39 39 39 39 39 39 39 39 39 39 39 134 192 132 140 140 140 140 140 133 135 137 130 130 130 130 98 142 142 142 98 130 138 135 137 98 142 98 130 138 135 136 197 198 39 39 39 39 39 39 39 39 35 35 35 35 35 134 135 135 135 135 135 136 39 39 39 39 39 39 39 39 39 39 39 39 39 39 165 153 9 9 9 154 134 135 135 
135 135 135 132 143 144 144 144 144 164 94 39 39 39 165 39 39 39 39 39 39 39 39 39 134 135 136 176 197 198 193 194 134 135 135 135 135 135 135 98 142 142 142 98 135 135 135 135 98 142 98 135 135 135 137 130 130 130 130 130 130 130 130 130 130 130 130 130 130 130 138 135 135 135 135 135 136 35 39 39 39 39 39 39 39 39 39 39 165 39 39 174 153 9 9 9 154 134 135 135 
135 135 135 136 98 119 119 119 119 119 98 201 39 39 39 39 39 39 39 39 58 39 39 39 134 135 136 174 39 39 195 196 139 140 140 140 140 140 140 98 142 142 142 98 140 140 140 140 98 142 98 133 135 135 135 135 135 135 135 135 135 135 135 135 135 135 135 135 135 135 135 135 135 135 135 135 136 39 39 39 39 39 39 165 39 39 39 39 39 39 39 178 153 9 9 9 154 134 135 135 
135 135 135 136 98 142 142 142 142 142 98 39 39 39 39 39 39 39 39 39 39 39 39 39 134 135 136 173 166 39 39 165 39 39 39 39 39 39 39 117 39 39 39 117 39 39 39 39 117 39 117 134 135 135 135 135 135 135 135 135 135 135 135 135 135 135 135 135 135 135 135 135 135 135 135 192 136 35 39 39 168 39 39 39 39 39 39 39 39 39 169 180 153 9 9 9 154 134 135 135 
135 135 135 136 98 142 142 142 142 142 98 39 39 39 39 166 39 39 39 39 39 39 39 39 134 135 136 39 39 39 39 39 39 168 39 39 39 39 39 39 39 39 39 39 39 39 39 39 39 39 39 134 135 135 135 135 181 135 135 135 135 135 135 135 135 135 135 135 135 135 135 135 135 189 132 140 141 35 39 39 39 39 39 39 39 39 39 39 39 39 39 39 153 9 9 9 154 134 135 135 
135 135 135 136 98 142 142 142 142 142 98 39 39 39 39 39 39 39 39 39 165 39 39 39 134 135 136 39 39 39 39 39 39 39 39 39 39 39 39 39 165 39 39 39 39 39 39 165 39 39 39 134 135 135 135 135 185 186 135 135 135 135 135 135 135 135 135 135 135 135 135 135 135 192 136 35 35 35 39 39 39 39 39 39 39 39 39 39 39 39 39 171 157 158 158 158 159 134 135 135 
135 135 135 136 98 142 142 142 142 142 98 39 39 165 39 39 39 39 39 39 39 39 39 39 134 135 137 130 130 130 130 130 131 39 39 39 39 39 39 39 39 39 39 39 39 166 39 39 39 39 39 134 135 135 135 135 135 135 135 135 135 135 135 135 135 135 135 135 132 140 140 140 140 140 141 35 39 39 39 39 39 39 39 39 166 39 39 39 39 165 39 129 130 130 130 130 130 138 135 135 
135 135 135 136 98 90 93 142 86 90 98 39 39 39 39 39 39 168 39 39 39 39 39 39 134 135 135 135 135 135 189 190 136 39 39 39 165 39 39 39 39 39 39 39 39 39 39 168 39 39 35 134 135 135 135 135 135 135 135 135 135 135 135 184 135 135 135 135 136 169 39 39 35 39 35 35 39 39 39 39 39 39 39 39 39 39 39 39 39 39 39 134 135 135 135 135 135 135 135 135 
135 135 135 136 118 119 120 142 118 119 120 39 39 39 39 39 39 39 39 39 39 39 39 39 139 143 144 144 144 145 133 192 136 39 39 39 39 39 39 39 39 39 165 39 39 39 39 39 39 39 35 134 135 135 135 135 135 135 135 135 135 135 135 186 185 135 135 135 136 39 39 39 39 39 39 39 39 39 39 39 39 39 39 39 39 39 170 39 39 39 39 134 135 135 135 135 135 135 135 135 
135 135 135 136 39 39 39 39 39 39 35 39 39 39 39 165 39 39 39 39 39 39 166 39 171 98 119 119 119 98 134 135 136 39 39 39 39 39 166 39 39 39 39 39 39 35 35 35 35 35 35 134 135 135 135 135 135 135 135 135 135 135 135 135 135 135 135 135 136 39 39 39 39 39 39 39 39 39 39 165 39 39 39 39 39 165 39 39 39 199 200 134 135 135 135 135 135 135 135 135 
135 135 135 136 193 194 166 39 39 39 39 39 39 39 39 39 39 39 39 39 39 39 39 39 170 98 142 142 142 98 134 135 137 130 130 130 131 39 39 39 39 165 39 39 39 35 129 130 130 130 130 138 135 135 135 135 135 135 135 135 135 135 135 135 135 135 135 135 136 39 39 39 39 165 39 39 39 166 39 39 39 39 168 39 39 39 39 166 204 205 35 134 135 135 135 135 135 135 181 135 
135 135 135 136 195 196 39 39 39 39 35 39 39 39 39 39 39 39 39 39 39 165 39 39 39 98 93 142 86 98 134 135 135 135 135 135 136 39 39 39 39 39 39 39 39 35 134 135 135 135 135 135 135 135 135 135 135 135 135 135 135 135 135 135 135 135 135 135 136 39 39 39 39 39 39 39 39 39 39 39 39 39 39 39 39 173 39 39 206 207 35 134 135 135 135 135 135 185 186 135 
135 135 135 137 130 130 130 130 130 130 130 130 131 173 39 39 166 39 39 39 39 39 39 39 39 118 120 142 118 120 134 135 135 135 135 135 136 39 39 165 39 39 39 39 39 35 134 135 135 135 135 135 135 135 135 135 135 135 135 135 135 135 135 135 135 135 135 135 136 35 35 35 35 39 39 39 170 39 39 39 39 39 39 39 173 174 176 39 35 35 35 134 135 135 135 135 135 135 135 135 
135 135 135 135 135 135 135 135 135 135 135 135 136 174 175 39 39 39 39 39 39 39 39 39 39 39 39 39 39 39 134 135 135 135 135 135 136 201 39 39 39 39 203 35 35 35 134 135 135 135 135 135 135 135 135 135 135 135 208 135 208 208 135 135 135 135 135 135 137 130 130 130 130 130 130 130 130 130 130 130 130 130 130 130 130 130 130 130 130 130 130 138 135 135 135 135 135 208 135 135 
135 135 135 135 135 135 135 135 135 135 135 135 137 130 130 130 130 130 130 130 130 130 130 131 39 39 39 39 39 39 134 135 135 135 135 135 137 130 130 130 130 130 130 130 130 130 138 135 135 135 135 135 135 135 135 135 135 135 135 135 135 208 135 135 135 135 135 135 135 135 135 135 135 135 135 135 135 135 135 135 135 135 135 135 135 135 135 135 135 135 135 135 135 135 135 135 135 208 135 135 
135 135 135 135 135 135 135 135 135 135 135 135 135 135 135 135 135 135 135 135 135 135 135 137 130 130 130 130 130 130 138 135 135 135 135 135 135 135 135 135 135 135 135 135 135 135 135 135 135 135 135 135 135 135 135 135 208 208 135 135 135 135 135 208 135 135 135 135 135 135 135 135 135 135 135 135 135 135 135 135 135 135 135 135 135 135 135 135 135 135 135 135 135 135 135 135 208 135 135 135 
135 135 135 135 135 135 135 135 135 135 135 135 135 135 135 135 135 135 135 135 135 135 135 135 135 135 135 135 135 135 135 135 135 135 135 135 135 135 135 135 135 135 135 135 135 135 135 135 135 135 135 135 135 135 135 135 135 135 135 135 135 135 135 135 135 135 135 135 135 135 135 135 135 135 135 135 135 135 135 135 135 135 135 135 135 135 135 135 135 135 135 135 135 135 135 135 135 135 135 135 
