00 00 00 00 00 00 00 00 00 00 00 00 00 00 00 00 00 00 00 00 00 00 00 00 00 00 00 00 02 02 02 04 02 02 03 03 03 02 04 02 
02 02 02 00 00 00 00 00 00 00 00 00 00 00 00 00 00 00 00 00 00 00 00 00 00 00 00 00 02 02 02 04 02 02 03 03 03 02 04 02 
04 04 04 02 02 00 00 00 00 00 00 00 00 00 00 00 00 00 00 00 00 00 00 00 00 00 00 00 02 02 02 04 02 02 03 03 03 02 04 02 
04 02 04 04 02 02 02 02 02 02 02 02 00 00 00 00 00 00 00 00 00 00 00 00 00 00 00 02 02 02 02 04 02 03 03 03 03 02 04 02  
04 02 02 04 04 04 04 04 04 04 04 02 02 02 00 00 00 00 00 00 00 00 02 02 02 02 02 02 02 04 04 04 02 03 03 03 03 02 04 04  
04 02 02 02 02 02 02 02 02 02 02 04 04 02 02 02 02 02 02 02 02 02 02 02 04 04 04 04 04 04 02 02 02 03 03 03 03 02 02 04 
04 02 02 02 02 02 02 02 02 02 02 02 02 04 04 04 04 04 04 04 04 04 04 04 04 02 02 02 02 02 02 02 03 03 03 03 03 02 02 04 
04 02 02 31 32 32 32 32 32 32 33 02 02 02 02 02 02 02 02 02 02 02 02 02 02 02 02 02 02 02 03 03 03 03 03 03 02 02 02 04 
04 02 02 22 12 12 12 12 12 12 22 02 02 02 02 02 02 02 02 02 02 02 02 02 02 02 02 02 02 03 03 03 03 03 03 02 02 02 02 04 
04 02 02 22 18 18 18 18 18 18 22 02 02 02 02 02 02 02 02 02 02 02 02 02 03 03 03 03 03 03 03 03 03 03 02 02 02 02 02 04 
04 02 02 22 18 18 18 18 18 18 22 02 02 02 02 02 02 02 02 02 03 03 03 03 03 03 03 03 03 03 03 03 03 02 02 02 02 02 02 04 
04 02 02 22 25 25 35 18 18 18 22 02 02 02 02 02 03 03 03 03 03 03 03 03 03 03 03 03 03 03 03 03 03 02 02 02 02 02 02 04 
04 02 02 11 12 12 22 18 18 18 22 02 02 02 03 03 03 03 03 03 03 03 03 03 03 03 03 03 03 03 03 03 03 02 02 02 02 02 02 04 
04 04 02 02 02 02 22 26 34 24 22 02 02 03 03 03 03 03 03 02 02 02 02 02 02 02 03 03 03 03 03 03 03 02 02 02 02 02 02 04 
02 04 02 02 02 02 11 13 18 11 13 03 03 03 03 03 03 03 02 02 02 02 02 02 02 02 02 03 03 03 03 03 03 02 02 02 02 02 02 04 
02 04 02 02 02 02 02 03 03 03 03 03 03 03 03 03 03 03 02 02 04 04 04 04 04 04 02 03 03 03 03 03 02 02 02 02 02 02 02 04 
02 04 04 02 02 02 02 03 03 03 03 03 03 03 03 03 03 02 02 02 04 02 02 02 02 04 02 02 03 03 03 03 02 02 02 02 02 02 02 04 
02 02 04 02 02 02 02 02 02 02 03 03 03 03 03 03 03 02 02 02 04 02 02 02 02 04 02 02 03 03 03 03 02 02 02 02 02 02 02 04 
02 02 04 02 02 02 02 02 02 02 02 02 02 03 03 03 03 02 02 02 04 02 02 02 02 04 02 02 03 03 03 03 02 02 02 02 02 02 02 04  
02 02 04 04 02 02 02 02 02 02 02 02 02 02 03 03 03 03 02 02 04 02 02 02 02 04 02 02 03 03 03 03 02 02 02 02 02 02 02 04 
02 02 02 04 02 02 02 02 02 02 02 02 02 02 03 03 03 03 02 02 04 04 04 04 04 04 02 02 03 03 03 02 02 02 02 02 02 02 02 04 
02 02 02 04 02 02 02 02 02 02 02 02 02 02 03 03 03 03 03 02 02 02 02 02 02 02 02 03 03 03 03 02 02 02 02 02 02 02 02 04 
02 02 02 04 04 02 02 02 02 02 02 02 02 02 02 03 03 03 03 03 03 03 03 03 03 03 03 03 03 03 03 02 02 02 02 02 02 02 02 04 
02 02 02 02 04 02 02 02 02 02 02 02 02 02 02 03 03 03 03 03 03 03 03 03 03 03 03 03 03 03 03 02 02 02 02 02 02 02 02 04 
02 02 02 02 04 02 02 02 02 02 02 02 02 02 02 03 03 03 03 03 03 03 03 03 03 03 03 03 03 03 02 02 02 02 02 02 02 02 02 04 
02 02 02 02 04 02 02 02 02 02 02 02 02 02 03 03 03 03 03 03 02 02 02 02 02 02 02 02 02 02 02 02 02 02 02 02 02 02 02 04 
02 02 02 02 04 02 02 02 02 02 02 02 02 02 03 03 03 03 03 02 02 02 02 02 02 02 02 02 02 02 02 02 02 02 02 02 02 02 02 04 
02 02 02 04 04 02 02 02 02 02 02 03 03 03 03 03 03 03 03 02 02 02 02 02 02 02 02 02 02 02 02 02 02 02 02 02 02 02 02 04 
02 02 02 04 02 02 02 02 02 03 03 03 03 03 03 03 03 03 02 02 02 02 02 02 02 02 02 02 02 02 02 02 02 02 02 02 02 02 02 04 
02 02 02 04 02 02 02 02 02 03 03 03 03 03 03 03 03 03 02 02 02 02 02 02 02 02 02 02 02 02 02 02 02 02 02 02 02 02 02 04  
02 02 04 04 02 02 02 02 03 03 03 03 03 03 03 03 03 02 02 02 02 02 02 02 02 02 02 02 02 02 02 02 02 02 02 04 04 04 04 04 
02 02 04 02 02 02 03 03 03 03 03 03 03 03 02 02 02 02 02 02 02 02 02 02 02 02 02 02 02 02 02 04 04 04 04 04 00 00 00 00 
02 02 04 02 02 03 02 03 03 03 03 02 02 02 02 02 02 02 02 02 02 02 02 02 02 02 02 04 04 04 04 04 00 00 00 00 00 00 00 00
02 04 04 02 02 02 02 03 03 03 02 02 02 02 02 02 02 02 02 02 02 02 02 02 02 04 04 04 00 00 00 00 00 00 00 00 00 00 00 00 
02 04 02 03 02 03 02 02 03 02 02 02 02 02 02 02 02 02 02 02 02 02 02 02 04 04 00 00 00 00 00 00 00 00 00 00 00 00 00 00 
02 04 02 02 03 02 03 02 02 02 02 02 02 02 02 02 02 02 02 02 02 02 02 04 04 00 00 00 00 00 00 00 00 00 00 00 00 00 00 00 
04 04 02 03 02 02 03 02 02 02 02 04 02 02 02 02 02 02 02 02 02 02 04 04 00 00 00 00 00 00 00 00 00 00 00 00 00 00 00 00 
05 05 05 05 05 05 05 05 05 05 05 04 04 04 04 04 04 04 04 04 04 04 04 00 00 00 00 00 00 00 00 00 00 00 00 00 00 00 00 00 
05 05 05 05 05 05 05 05 05 05 05 05 05 05 05 05 05 05 05 05 05 05 05 00 00 00 00 00 00 00 00 00 00 00 00 00 00 00 00 00 
05 05 05 05 05 05 05 05 05 05 05 05 05 05 05 05 05 05 05 05 05 05 05 00 00 00 00 00 00 00 00 00 00 00 00 00 00 00 00 00














































